# PeakComb XY
2.22	30.6055182051
2.22025	33.4802535895
2.2205	30.5518475176
2.22075	20.7691122814
2.221	34.0391734051
2.22125	31.3044217648
2.2215	25.4237463267
2.22175	32.1516227703
2.222	30.8719556658
2.22225	30.4690839134
2.2225	28.8947523164
2.22275	32.0245908281
2.223	24.3458483715
2.22325	27.8075410028
2.2235	25.9128823177
2.22375	32.4194445994
2.224	29.0856426741
2.22425	27.1136877819
2.2245	24.1982733309
2.22475	27.3680460729
2.225	28.9817096706
2.22525	27.3010799817
2.2255	36.7411070075
2.22575	35.0392847602
2.226	12.7543689717
2.22625	17.7098617995
2.2265	28.0181008617
2.22675	26.5565800822
2.227	30.3947689979
2.22725	30.4402327435
2.2275	41.8669279109
2.22775	22.5115715387
2.228	26.9420757865
2.22825	41.488556676
2.2285	33.1365802431
2.22875	33.2593943531
2.229	26.2218469852
2.22925	19.442527196
2.2295	30.3610843093
2.22975	30.035925361
2.23	22.0435036594
2.23025	25.3342641631
2.2305	29.0276060849
2.23075	23.8178412634
2.231	28.9234558172
2.23125	30.1129432187
2.2315	29.780779784
2.23175	26.5569807189
2.232	33.1849415777
2.23225	34.997434745
2.2325	31.6037633893
2.23275	24.7977967398
2.233	34.1258637334
2.23325	26.7563526709
2.2335	35.0692735646
2.23375	23.3931803045
2.234	35.3405844685
2.23425	29.7635621349
2.2345	22.4219000402
2.23475	28.0617397781
2.235	30.300790084
2.23525	31.6442647534
2.2355	24.1460327805
2.23575	23.4268766317
2.236	31.3008882073
2.23625	27.3354663257
2.2365	31.5819019188
2.23675	34.7592151679
2.237	20.3429336179
2.23725	31.7958808098
2.2375	37.6516673159
2.23775	28.553201625
2.238	25.508400912
2.23825	34.9220304787
2.2385	31.9648840332
2.23875	35.8555041183
2.239	28.4452806415
2.23925	21.6624081246
2.2395	29.930375003
2.23975	27.9529768569
2.24	35.3177847511
2.24025	31.865930416
2.2405	20.9577306095
2.24075	23.6109471889
2.241	36.1241724674
2.24125	34.9399598823
2.2415	27.0602662179
2.24175	30.9362216476
2.242	33.657181535
2.24225	33.8358363021
2.2425	36.324984473
2.24275	32.649023779
2.243	30.5841833204
2.24325	29.6435799698
2.2435	37.5751190187
2.24375	17.7800166058
2.244	30.4981840098
2.24425	31.5735915824
2.2445	22.8694812726
2.24475	33.4649578238
2.245	27.6074163166
2.24525	36.737330834
2.2455	30.8572110885
2.24575	35.6743350766
2.246	39.0216886182
2.24625	34.0559841569
2.2465	26.5544369863
2.24675	22.7737961495
2.247	42.4315532422
2.24725	31.2956422881
2.2475	27.884769009
2.24775	32.9350910555
2.248	30.975107438
2.24825	37.2911036742
2.2485	32.437152582
2.24875	32.372084325
2.249	28.0587932357
2.24925	35.2210580276
2.2495	26.2585321158
2.24975	36.5158695352
2.25	41.7236884363
2.25025	23.492220492
2.2505	17.9039907927
2.25075	36.4644377901
2.251	48.1131347017
2.25125	26.8835789345
2.2515	25.4491459173
2.25175	36.5521536616
2.252	28.0398725583
2.25225	30.1147693852
2.2525	31.1298119383
2.25275	36.4790144977
2.253	30.9245808176
2.25325	35.0940102246
2.2535	32.4387749219
2.25375	28.5021706286
2.254	31.724442864
2.25425	28.0152053936
2.2545	33.831916067
2.25475	27.1258918967
2.255	27.3890476436
2.25525	42.7665925972
2.2555	33.7852298826
2.25575	33.8615652771
2.256	37.335990672
2.25625	31.8246018531
2.2565	33.0627056257
2.25675	37.0702124925
2.257	36.3004725358
2.25725	27.7381373969
2.2575	39.7832251068
2.25775	31.3311526807
2.258	28.6292530275
2.25825	29.656243824
2.2585	32.8106254345
2.25875	45.0139717581
2.259	28.2947319002
2.25925	36.4077202693
2.2595	22.7212142259
2.25975	35.6412708378
2.26	41.1522397294
2.26025	34.4407283924
2.2605	32.192187313
2.26075	37.4667779274
2.261	40.3898492968
2.26125	40.2839921897
2.2615	48.2519286011
2.26175	37.7891117154
2.262	33.098704356
2.26225	36.0184406649
2.2625	36.4626264975
2.26275	37.6755558328
2.263	36.9707533392
2.26325	38.324845169
2.2635	27.3884875236
2.26375	42.5263802464
2.264	34.2377439985
2.26425	30.7874323388
2.2645	41.7958087771
2.26475	46.0189715806
2.265	41.221782178
2.26525	39.3821423174
2.2655	32.9765084985
2.26575	55.9570484786
2.266	44.1702843522
2.26625	32.217435228
2.2665	34.5433419863
2.26675	39.9146249909
2.267	30.2396799166
2.26725	40.7590324564
2.2675	37.1760047405
2.26775	47.4753831803
2.268	46.0823015118
2.26825	24.2377169208
2.2685	40.9563036708
2.26875	31.2067121192
2.269	47.779719741
2.26925	42.3460304744
2.2695	44.8486518548
2.26975	35.3938151465
2.27	52.987218984
2.27025	54.375100053
2.2705	36.1102325854
2.27075	44.9863639586
2.271	38.9669378295
2.27125	43.129537279
2.2715	35.9485370268
2.27175	55.0241158014
2.272	38.2928282245
2.27225	42.6261538634
2.2725	47.7147184903
2.27275	41.132371682
2.273	43.9028794853
2.27325	42.2874048501
2.2735	45.2088248464
2.27375	39.3369351909
2.274	44.0935381623
2.27425	45.8524943235
2.2745	45.4754448642
2.27475	48.2139265895
2.275	46.5236893903
2.27525	53.2231301842
2.2755	47.1998228095
2.27575	48.7683713125
2.276	46.063564211
2.27625	47.3724615945
2.2765	43.4398336556
2.27675	54.6513320117
2.277	45.2126150961
2.27725	48.139656536
2.2775	55.3360348057
2.27775	56.1812362357
2.278	51.9705793046
2.27825	42.8822020486
2.2785	58.1693076807
2.27875	57.874816803
2.279	48.5380400724
2.27925	62.3537723124
2.2795	54.2703450166
2.27975	52.4915144388
2.28	60.62235993
2.28025	59.8051915107
2.2805	62.9496104031
2.28075	52.9881877547
2.281	74.4170033661
2.28125	60.8819701795
2.2815	56.2488705641
2.28175	70.2246798117
2.282	65.4448265508
2.28225	70.6234186575
2.2825	67.7772314794
2.28275	70.6384968627
2.283	73.6965587748
2.28325	69.0114342029
2.2835	78.8792259156
2.28375	73.35043054
2.284	72.3639952873
2.28425	79.5075214825
2.2845	83.231421449
2.28475	80.7569364686
2.285	78.5827148368
2.28525	89.1609763475
2.2855	76.6245893082
2.28575	82.8074427857
2.286	91.0995288756
2.28625	84.6314639746
2.2865	94.968879161
2.28675	96.5445225959
2.287	104.410680615
2.28725	95.7478777425
2.2875	99.7755056838
2.28775	107.902441059
2.288	93.6106147895
2.28825	129.491315325
2.2885	109.318842346
2.28875	111.838257424
2.289	124.179616845
2.28925	121.660742939
2.2895	114.203583596
2.28975	131.717925735
2.29	136.262868893
2.29025	131.705449916
2.2905	136.092584439
2.29075	144.179925887
2.291	139.400165283
2.29125	151.181207008
2.2915	153.556075869
2.29175	152.233633674
2.292	151.969227058
2.29225	163.124576757
2.2925	163.501881707
2.29275	179.160932947
2.293	178.538863974
2.29325	187.01447499
2.2935	187.904900685
2.29375	193.579147308
2.294	192.339409623
2.29425	206.214094592
2.2945	218.216730255
2.29475	211.088964178
2.295	214.966208056
2.29525	223.290110727
2.2955	227.203418484
2.29575	231.876960923
2.296	243.051467537
2.29625	246.75585669
2.2965	263.556984103
2.29675	261.491264496
2.297	270.144232764
2.29725	280.768300122
2.2975	280.251891858
2.29775	297.821945391
2.298	292.695139305
2.29825	299.075481951
2.2985	309.305881637
2.29875	318.536460768
2.299	318.680547313
2.29925	334.882951733
2.2995	333.233794934
2.29975	359.875427351
2.3	359.457554283
2.30025	364.647968037
2.3005	371.739095787
2.30075	383.702970635
2.301	393.620088
2.30125	397.766419303
2.3015	407.71263215
2.30175	421.426128349
2.302	428.858758392
2.30225	447.165976376
2.3025	458.014355662
2.30275	461.044921552
2.303	473.653066323
2.30325	472.759563257
2.3035	494.646259874
2.30375	500.776199623
2.304	514.087384685
2.30425	531.077562128
2.3045	518.157164596
2.30475	543.839976524
2.305	546.170669774
2.30525	566.862571173
2.3055	566.019980787
2.30575	581.557738196
2.306	596.409776472
2.30625	609.563640067
2.3065	617.03939169
2.30675	622.553222358
2.307	634.71265521
2.30725	654.060890842
2.3075	659.429418312
2.30775	660.048560997
2.308	685.874795994
2.30825	693.935792916
2.3085	707.260086734
2.30875	710.528546615
2.309	727.984905088
2.30925	727.047552325
2.3095	747.15350397
2.30975	751.023556808
2.31	768.14820368
2.31025	780.167297652
2.3105	779.635111058
2.31075	793.538788121
2.311	803.743705411
2.31125	820.171653898
2.3115	826.671726077
2.31175	824.3096149
2.312	843.421259741
2.31225	854.021264146
2.3125	870.984979928
2.31275	856.666605745
2.313	871.822427701
2.31325	891.131315796
2.3135	882.874618913
2.31375	891.457651077
2.314	909.17390065
2.31425	919.358905233
2.3145	916.166165024
2.31475	930.094499118
2.315	933.969804431
2.31525	948.527084573
2.3155	945.277685161
2.31575	956.81989255
2.316	950.764717022
2.31625	960.086898529
2.3165	965.331113872
2.31675	977.158612484
2.317	977.907056471
2.31725	973.712655273
2.3175	985.793001784
2.31775	989.483354824
2.318	987.024884532
2.31825	988.657666563
2.3185	991.220688801
2.31875	984.06211115
2.319	996.879830913
2.31925	998.335266474
2.3195	992.578832037
2.31975	1002.7336392
2.32	990.210221167
2.32025	994.968084773
2.3205	994.920688765
2.32075	1008.85285789
2.321	986.152268485
2.32125	997.607847117
2.3215	998.03624794
2.32175	992.469993837
2.322	994.785606532
2.32225	978.843141043
2.3225	968.019643588
2.32275	982.824081395
2.323	967.254409245
2.32325	968.36556554
2.3235	958.83826461
2.32375	967.510222767
2.324	961.374325587
2.32425	946.558026707
2.3245	950.707746867
2.32475	940.142253925
2.325	932.431739831
2.32525	927.198236056
2.3255	918.961751789
2.32575	916.938484851
2.326	907.9334929
2.32625	896.557611702
2.3265	897.042575179
2.32675	879.462234979
2.327	876.762143359
2.32725	869.274432553
2.3275	867.114986911
2.32775	846.518080709
2.328	851.134104855
2.32825	832.682269873
2.3285	821.244516065
2.32875	808.998828485
2.329	807.027738166
2.32925	794.139776465
2.3295	777.429396374
2.32975	767.366109896
2.33	760.768978203
2.33025	749.909802642
2.3305	750.275319455
2.33075	741.667171633
2.331	728.227323721
2.33125	714.695524753
2.3315	699.450164216
2.33175	691.765201303
2.332	686.121061781
2.33225	682.93728078
2.3325	664.939811238
2.33275	647.071400628
2.333	638.261998971
2.33325	624.414938585
2.3335	611.896235699
2.33375	604.777131735
2.334	596.367062091
2.33425	595.545545118
2.3345	574.212056231
2.33475	571.453539474
2.335	563.370318639
2.33525	542.747134671
2.3355	541.48910446
2.33575	525.765037766
2.336	508.674163019
2.33625	502.550780589
2.3365	490.959020526
2.33675	479.376659319
2.337	469.618781493
2.33725	461.814050151
2.3375	453.792220259
2.33775	436.221406503
2.338	431.927134907
2.33825	413.415048248
2.3385	414.796175708
2.33875	407.775081952
2.339	395.942293841
2.33925	387.724672392
2.3395	380.728783118
2.33975	364.50910932
2.34	358.509242836
2.34025	354.588129211
2.3405	349.250028885
2.34075	337.463048846
2.341	342.405613048
2.34125	318.676601686
2.3415	317.501446326
2.34175	311.525814232
2.342	295.688685502
2.34225	284.278448857
2.3425	274.960809408
2.34275	276.029830913
2.343	274.862512625
2.34325	263.120065031
2.3435	255.960878993
2.34375	246.226078591
2.344	245.58848407
2.34425	223.270850406
2.3445	231.485339694
2.34475	224.405888797
2.345	210.300813742
2.34525	226.000677056
2.3455	199.18406122
2.34575	195.740687051
2.346	189.832224481
2.34625	198.663947416
2.3465	181.768659906
2.34675	186.333906333
2.347	181.199412678
2.34725	174.71049406
2.3475	160.908941817
2.34775	160.805573474
2.348	170.360528121
2.34825	148.538702972
2.3485	147.370355044
2.34875	147.577396486
2.349	149.706787215
2.34925	142.773853447
2.3495	142.234451544
2.34975	128.001362159
2.35	136.799261452
2.35025	131.370534353
2.3505	115.312767978
2.35075	131.139231235
2.351	132.76723894
2.35125	111.605803597
2.3515	113.844663629
2.35175	119.27559703
2.352	99.4685549541
2.35225	93.9641890359
2.3525	95.7492800925
2.35275	97.8342191352
2.353	95.54758861
2.35325	100.517784347
2.3535	96.4121318072
2.35375	85.3213567764
2.354	94.266671353
2.35425	100.237115652
2.3545	94.3688877354
2.35475	91.3889076357
2.355	83.8789011304
2.35525	88.0332008862
2.3555	74.7643768582
2.35575	83.5514147736
2.356	77.0586276354
2.35625	82.9552653217
2.3565	77.602851648
2.35675	66.9520727925
2.357	72.9898794332
2.35725	78.3062678444
2.3575	63.0394787528
2.35775	65.3194284737
2.358	62.9616132811
2.35825	57.5377510376
2.3585	71.2544360667
2.35875	72.3639056847
2.359	68.3438819108
2.35925	64.0780979973
2.3595	61.4216780913
2.35975	62.3122959022
2.36	55.6586401617
2.36025	64.6117167385
2.3605	64.7498977635
2.36075	63.3271010196
2.361	53.8266380589
2.36125	56.7878621013
2.3615	54.6515430431
2.36175	65.7292456393
2.362	55.4494450221
2.36225	42.4733706764
2.3625	55.5716007987
2.36275	63.9083924196
2.363	56.1787774994
2.36325	56.8155007467
2.3635	51.2431580016
2.36375	38.7032137181
2.364	39.1907057026
2.36425	42.1125822418
2.3645	48.378006142
2.36475	50.5638527125
2.365	52.4187876193
2.36525	45.8310386035
2.3655	53.2193764375
2.36575	45.4153593215
2.366	42.4945295238
2.36625	51.4700412942
2.3665	40.5229194768
2.36675	29.2947343437
2.367	38.97901351
2.36725	45.5826930255
2.3675	26.2247543493
2.36775	42.2598284763
2.368	42.1153631385
2.36825	35.2625069001
2.3685	34.6473381146
2.36875	40.4961852115
2.369	39.724151382
2.36925	50.3089842837
2.3695	44.748037112
2.36975	32.7695271771
2.37	36.888728737
2.37025	46.015412682
2.3705	52.9340797554
2.37075	43.6563922221
2.371	42.9861670134
2.37125	52.0760319013
2.3715	40.5700594906
2.37175	38.6508237954
2.372	31.8298808362
2.37225	37.039663085
2.3725	53.0027105304
2.37275	31.2168016594
2.373	39.6352169495
2.37325	30.9427849317
2.3735	39.992023972
2.37375	44.3790864707
2.374	37.4268367093
2.37425	43.1097280735
2.3745	42.8948932838
2.37475	41.097335331
2.375	48.5611012775
2.37525	42.7880408603
2.3755	36.1395444224
2.37575	33.7414432266
2.376	32.614341527
2.37625	40.4038111359
2.3765	35.4712570018
2.37675	53.6560517697
2.377	48.2056058523
2.37725	35.7359875349
2.3775	34.9228302462
2.37775	46.9153751247
2.378	25.3530062667
2.37825	33.8248005255
2.3785	42.1216271835
2.37875	30.8294613381
2.379	33.3279589513
2.37925	33.9708645465
2.3795	39.9331678353
2.37975	36.6858696337
2.38	38.1673656863
2.38025	39.2223747878
2.3805	35.7277897435
2.38075	42.1106621036
2.381	30.9741941031
2.38125	26.6334412566
2.3815	24.4926666717
2.38175	25.3330355702
2.382	31.6626323521
2.38225	41.0540437
2.3825	35.828170071
2.38275	31.1026381013
2.383	28.1868439243
2.38325	31.3460061725
2.3835	32.0119195182
2.38375	30.959147523
2.384	25.6715062281
2.38425	31.3301305032
2.3845	40.2071520047
2.38475	20.9771680558
2.385	32.5027618247
2.38525	21.1409991331
2.3855	34.8911118152
2.38575	29.2326670391
2.386	21.1292744019
2.38625	34.1744103901
2.3865	44.4024065966
2.38675	34.0800623842
2.387	40.3271438886
2.38725	32.857975567
2.3875	20.2729717694
2.38775	36.0938232326
2.388	30.5745262578
2.38825	24.2458304929
2.3885	37.6623405137
2.38875	34.6102734205
2.389	29.6732899645
2.38925	37.9715818116
2.3895	27.4689343741
2.38975	36.500930753
2.39	26.9373005429
2.39025	35.7242614668
2.3905	25.8572447826
2.39075	41.3387786533
2.391	33.872116562
2.39125	40.8868375192
2.3915	27.2989076223
2.39175	29.3216358511
2.392	37.161564212
2.39225	15.6072456373
2.3925	25.6154135669
2.39275	38.1624571609
2.393	34.7019044805
2.39325	37.7323239942
2.3935	29.9501985244
2.39375	35.1424029502
2.394	27.3235613659
2.39425	23.4276534261
2.3945	21.4419937504
2.39475	28.25240463
2.395	28.2214538567
2.39525	27.6918117594
2.3955	10.1287452118
2.39575	19.3839693583
2.396	28.1343210251
2.39625	33.0072420219
2.3965	27.7679064652
2.39675	25.9352851564
2.397	17.3023133553
2.39725	43.2391042495
2.3975	24.4608636195
2.39775	41.1257901133
2.398	40.3478557143
2.39825	32.5860888224
2.3985	27.466069983
2.39875	31.6546629648
2.399	23.9031864036
2.39925	32.3463064297
2.3995	30.7605388912
2.39975	33.8959429334
2.4	36.3684629107
2.40025	41.0249766995
2.4005	28.2605445841
2.40075	36.8136482735
2.401	25.766557418
2.40125	25.1128160085
2.4015	26.735866324
2.40175	24.5167735809
2.402	36.2548743214
2.40225	35.877809522
2.4025	37.9376559929
2.40275	30.1177501351
2.403	31.8819473925
2.40325	26.7315360414
2.4035	23.2631007613
2.40375	32.8180729302
2.404	31.7136196781
2.40425	23.4290353243
2.4045	33.5511563301
2.40475	19.5571526628
2.405	28.9021855066
2.40525	26.1632535872
2.4055	26.7387360849
2.40575	23.3831963312
2.406	35.5687457985
2.40625	33.2195940781
2.4065	36.8948314557
2.40675	30.5479768736
2.407	21.9476281055
2.40725	27.4331689965
2.4075	22.5295667296
2.40775	32.3312040092
2.408	36.8146887212
2.40825	31.4912730183
2.4085	25.8921368785
2.40875	27.2400823189
2.409	30.6557756404
2.40925	20.7242066405
2.4095	30.2674810228
2.40975	30.5346113989
2.41	26.0461587309
2.41025	26.7776292318
2.4105	30.2793637025
2.41075	24.3012451376
2.411	24.2631084513
2.41125	33.8408393053
2.4115	30.4765865831
2.41175	39.1839086359
2.412	23.1598378357
2.41225	18.3779010229
2.4125	34.6725686856
2.41275	34.7411676701
2.413	24.5398110565
2.41325	20.1325804743
2.4135	28.6335898669
2.41375	18.3765089401
2.414	26.8075559655
2.41425	15.7334656683
2.4145	27.3690495397
2.41475	16.0465957924
2.415	27.3198189789
2.41525	37.8182670796
2.4155	27.0855527504
2.41575	33.2798597789
2.416	24.7848495607
2.41625	23.255469089
2.4165	19.5951279496
2.41675	34.7988514679
2.417	28.18269451
2.41725	38.2382225151
2.4175	21.4053078073
2.41775	27.113734528
2.418	28.901642017
2.41825	36.8739443367
2.4185	39.3070736465
2.41875	24.4586141853
2.419	21.525334734
2.41925	17.8849828019
2.4195	36.3015640729
2.41975	27.7345793432
2.42	24.3471515687
