# PeakComb XY
2.18	42.4922187774
2.1805	40.464280302
2.181	46.6795614829
2.1815	42.4307662742
2.182	37.3419246164
2.1825	44.5560888413
2.183	52.1317175386
2.1835	49.3130991867
2.184	36.1436550976
2.1845	31.687607706
2.185	36.8625891647
2.1855	42.2175670291
2.186	23.325262433
2.1865	40.2141061612
2.187	32.0364705809
2.1875	36.1853324278
2.188	37.7295136497
2.1885	39.5937065172
2.189	45.4580893428
2.1895	50.5465114942
2.19	41.2199162603
2.1905	53.2221273913
2.191	37.0115330084
2.1915	45.188294275
2.192	49.6475590546
2.1925	43.2159486442
2.193	36.5603860944
2.1935	35.17959266
2.194	38.937099186
2.1945	44.4064804334
2.195	34.6145003683
2.1955	41.0650897866
2.196	41.5122746587
2.1965	47.1609614474
2.197	44.6001435746
2.1975	45.7750882421
2.198	37.7512864302
2.1985	41.9953986014
2.199	49.3550985631
2.1995	55.0823372744
2.2	33.1145750402
2.2005	55.3513305427
2.201	54.060426937
2.2015	49.5980527105
2.202	45.5180121854
2.2025	40.9464711986
2.203	55.1782002865
2.2035	59.2529909337
2.204	58.0416157397
2.2045	54.2077167622
2.205	46.6050323569
2.2055	34.1393104846
2.206	43.8308808879
2.2065	49.1797681057
2.207	33.6833486161
2.2075	47.2143227618
2.208	47.5562137446
2.2085	49.7504740228
2.209	34.7749053766
2.2095	39.0208534678
2.21	40.8905448169
2.2105	35.0921124228
2.211	58.4349406409
2.2115	40.6231722929
2.212	47.2936883451
2.2125	42.6658596095
2.213	57.4757905959
2.2135	55.4455461325
2.214	50.0252378389
2.2145	27.4072300027
2.215	45.5295930032
2.2155	50.6620900719
2.216	53.304747708
2.2165	40.4114974325
2.217	60.0138173381
2.2175	34.9585560239
2.218	40.3153934098
2.2185	53.1750004903
2.219	46.1754235082
2.2195	61.8919512013
2.22	47.4722619857
2.2205	40.9913648662
2.221	43.1307684093
2.2215	37.5180558825
2.222	36.1233625116
2.2225	51.4873479807
2.223	51.1943519731
2.2235	57.0042282037
2.224	40.7154533954
2.2245	60.371560145
2.225	44.6679089515
2.2255	59.6725486135
2.226	43.7272833548
2.2265	41.4200638212
2.227	49.4187038261
2.2275	55.7907274684
2.228	48.9481154498
2.2285	43.0990636715
2.229	37.1791791524
2.2295	36.8248753508
2.23	52.1891308846
2.2305	56.2186102953
2.231	47.1224733361
2.2315	39.9806037562
2.232	55.7014066583
2.2325	38.6184082966
2.233	43.30454219
2.2335	54.1278905768
2.234	31.3125140414
2.2345	52.5618363429
2.235	44.9784396495
2.2355	50.6700564267
2.236	49.3581451154
2.2365	51.7524226386
2.237	55.8645762763
2.2375	44.4240168205
2.238	62.0428298559
2.2385	56.6720985719
2.239	57.8061180847
2.2395	60.5727770445
2.24	57.7570534144
2.2405	58.4165164508
2.241	52.4814243529
2.2415	40.6807242843
2.242	51.238457695
2.2425	46.3924924162
2.243	41.4025899399
2.2435	55.0944331736
2.244	48.7273366013
2.2445	45.2931298605
2.245	45.4505944479
2.2455	56.212491778
2.246	57.2129249729
2.2465	65.2097929034
2.247	54.813957387
2.2475	63.5640830949
2.248	66.7609378325
2.2485	65.0674039139
2.249	37.2771825042
2.2495	66.3733944411
2.25	59.6165057353
2.2505	60.6572178195
2.251	60.6168577804
2.2515	61.1022301376
2.252	61.0024640605
2.2525	55.9974162296
2.253	44.0926169031
2.2535	58.887635161
2.254	53.7995731534
2.2545	69.3594560417
2.255	58.9160995871
2.2555	62.4227014128
2.256	55.5086471897
2.2565	58.7945318794
2.257	63.3863503196
2.2575	52.2216806164
2.258	67.1653315623
2.2585	64.5980003699
2.259	56.6819636436
2.2595	47.7407732778
2.26	71.8317140927
2.2605	66.1937839485
2.261	65.2337615245
2.2615	68.543081611
2.262	85.990092886
2.2625	72.1634452533
2.263	74.4482131581
2.2635	63.1566554381
2.264	89.6521448907
2.2645	85.3767109438
2.265	88.3035380623
2.2655	82.0773614611
2.266	91.1869793378
2.2665	89.2466400604
2.267	93.9197402289
2.2675	90.888302773
2.268	83.8133126495
2.2685	107.794373369
2.269	88.559145187
2.2695	107.166940408
2.27	113.125117657
2.2705	112.772082951
2.271	133.09816546
2.2715	134.430573419
2.272	141.166013921
2.2725	158.246671855
2.273	160.495446826
2.2735	186.406236077
2.274	189.807015074
2.2745	195.536321771
2.275	196.634071308
2.2755	214.953878423
2.276	247.514318132
2.2765	251.752062951
2.277	262.869255627
2.2775	290.55605561
2.278	278.343630643
2.2785	293.63839142
2.279	302.410150386
2.2795	316.584908886
2.28	309.921998267
2.2805	311.231677229
2.281	301.876088263
2.2815	317.041662534
2.282	312.410534184
2.2825	295.591742021
2.283	293.285042675
2.2835	273.786953981
2.284	272.489751711
2.2845	279.785588229
2.285	263.044863727
2.2855	274.642496381
2.286	245.34279032
2.2865	253.298583475
2.287	245.882038488
2.2875	252.762032577
2.288	251.182177309
2.2885	252.175254488
2.289	257.764619204
2.2895	300.072763376
2.29	288.728922344
2.2905	290.126564035
2.291	321.208996884
2.2915	355.267295416
2.292	372.632742015
2.2925	417.634756993
2.293	448.13721941
2.2935	475.359169384
2.294	512.109426329
2.2945	549.66133569
2.295	595.950626179
2.2955	635.05051848
2.296	702.42934
2.2965	751.213583373
2.297	772.743514616
2.2975	814.951611244
2.298	847.734706032
2.2985	886.014811094
2.299	893.653882243
2.2995	925.887161205
2.3	952.871656108
2.3005	937.890513102
2.301	936.658199159
2.3015	906.931572785
2.302	899.06398689
2.3025	855.320736647
2.303	815.612861549
2.3035	801.75918812
2.304	740.555217386
2.3045	695.583357761
2.305	670.646177108
2.3055	634.804596851
2.306	612.934328261
2.3065	570.208218926
2.307	561.67724499
2.3075	544.713908519
2.308	520.6442746
2.3085	521.216234059
2.309	513.355636916
2.3095	545.311525274
2.31	534.140585542
2.3105	556.240377929
2.311	578.407170076
2.3115	618.25479088
2.312	662.04761852
2.3125	716.151363139
2.313	759.63195449
2.3135	823.745038358
2.314	880.285046767
2.3145	956.335544974
2.315	1060.36267054
2.3155	1124.8580515
2.316	1189.88385168
2.3165	1264.66710808
2.317	1344.3096111
2.3175	1423.77668863
2.318	1488.47112944
2.3185	1536.10461822
2.319	1572.60303399
2.3195	1619.85640324
2.32	1620.92777993
2.3205	1605.8853096
2.321	1581.94322464
2.3215	1539.05257276
2.322	1466.36314256
2.3225	1426.9799997
2.323	1346.12374806
2.3235	1270.41755899
2.324	1194.62199081
2.3245	1126.5775124
2.325	1033.78146174
2.3255	957.016786771
2.326	903.060744501
2.3265	838.47719359
2.327	765.056041449
2.3275	723.854124263
2.328	670.395774564
2.3285	635.532432383
2.329	590.60696157
2.3295	582.172316534
2.33	567.170473195
2.3305	551.802628901
2.331	547.301653138
2.3315	515.534390205
2.332	557.148881544
2.3325	570.352967183
2.333	590.621850732
2.3335	613.285165574
2.334	650.058658246
2.3345	688.327694983
2.335	721.732140026
2.3355	761.48370489
2.336	817.90036319
2.3365	842.430139631
2.337	901.691304041
2.3375	934.454691676
2.338	961.915937993
2.3385	995.315921697
2.339	1011.87998171
2.3395	1037.17441263
2.34	1037.08292409
2.3405	1022.01539197
2.341	999.760639681
2.3415	983.921727267
2.342	954.246491031
2.3425	904.49524879
2.343	862.978728168
2.3435	807.861644934
2.344	761.110351918
2.3445	707.653683416
2.345	662.510311594
2.3455	599.864150645
2.346	571.16609877
2.3465	521.05226823
2.347	485.840093793
2.3475	443.806876413
2.348	416.310083342
2.3485	376.142103244
2.349	368.995981724
2.3495	324.367035157
2.35	311.865321316
2.3505	307.798409743
2.351	306.746623349
2.3515	289.618378948
2.352	280.779930913
2.3525	269.537844428
2.353	280.159915875
2.3535	284.615277653
2.354	303.456330479
2.3545	301.861469879
2.355	293.097743895
2.3555	331.151982069
2.356	322.176332907
2.3565	329.075832461
2.357	358.596634441
2.3575	356.484096455
2.358	362.873389338
2.3585	374.777591316
2.359	384.754520752
2.3595	388.218502945
2.36	368.551250265
2.3605	391.706546004
2.361	376.423395222
2.3615	356.169956799
2.362	340.633919427
2.3625	325.515099633
2.363	318.94667893
2.3635	296.560567321
2.364	278.939327535
2.3645	274.764816472
2.365	254.620231974
2.3655	232.43673101
2.366	226.010566252
2.3665	216.417069421
2.367	182.964122163
2.3675	174.102497748
2.368	174.680068351
2.3685	162.110565803
2.369	148.388033512
2.3695	147.052083022
2.37	121.141090337
2.3705	110.965661735
2.371	109.611296487
2.3715	111.991295984
2.372	99.7616203919
2.3725	97.9332031053
2.373	90.2448609721
2.3735	89.7445793974
2.374	83.7229786462
2.3745	92.0907750422
2.375	93.188622925
2.3755	80.9110100634
2.376	81.2316890636
2.3765	76.5556695932
2.377	83.9203929018
2.3775	78.9793075344
2.378	89.7279898289
2.3785	67.0147808718
2.379	77.5655778179
2.3795	77.1771382274
2.38	69.7653008099
2.3805	76.3975015601
2.381	59.3522910351
2.3815	86.9880057742
2.382	58.5200160165
2.3825	75.8717451764
2.383	58.8362946464
2.3835	76.3367555509
2.384	63.4060200604
2.3845	67.1341680566
2.385	65.7023240068
2.3855	73.5148003476
2.386	61.5929681748
2.3865	39.9059988715
2.387	57.061567847
2.3875	64.1296035018
2.388	58.6722599528
2.3885	67.9079227629
2.389	69.4416587031
2.3895	59.7220423704
2.39	48.5869243493
2.3905	71.1912379636
2.391	68.4094446251
2.3915	56.9912127231
2.392	75.9027966003
2.3925	55.9086899839
2.393	49.2768664792
2.3935	56.8113951733
2.394	66.3755700039
2.3945	49.9573086413
2.395	72.7798756124
2.3955	49.7197154124
2.396	64.2574953344
2.3965	60.7160010588
2.397	54.8736937235
2.3975	64.5036134608
2.398	43.621214813
2.3985	66.2472113046
2.399	54.6507079355
2.3995	50.600501095
2.4	60.7191994192
2.4005	62.996617296
2.401	60.4729854035
2.4015	70.1132228499
2.402	62.5707495862
2.4025	64.0057352269
2.403	49.2363272232
2.4035	54.2296319628
2.404	57.7079907775
2.4045	52.8932121412
2.405	55.2834364659
2.4055	56.1184415763
2.406	59.3067137138
2.4065	51.586831877
2.407	49.4519087598
2.4075	45.4779179755
2.408	44.8281537892
2.4085	61.2025119664
2.409	51.0108369695
2.4095	57.849788293
2.41	41.0455691644
2.4105	35.7923125647
2.411	42.7809479725
2.4115	60.2254723946
2.412	59.4785322615
2.4125	53.4742768783
2.413	44.2871861693
2.4135	49.5471574017
2.414	48.1029080906
2.4145	47.6189337801
2.415	30.2261411433
2.4155	43.3094565106
2.416	48.5522928403
2.4165	62.1069530678
2.417	51.1658569905
2.4175	60.9933616024
2.418	46.5448518949
2.4185	47.5831092457
2.419	18.3211651966
2.4195	53.1368664756
2.42	53.7223921055
2.4205	63.3727770029
2.421	45.2873246655
2.4215	49.8549488611
2.422	43.3793449974
2.4225	39.5368785889
2.423	43.1669142076
2.4235	46.0380730293
2.424	59.5692543969
2.4245	48.672503903
2.425	42.2608528383
2.4255	49.6519418466
2.426	50.1904749622
2.4265	42.9742798089
2.427	57.465455796
2.4275	33.1494365762
2.428	46.4856748325
2.4285	53.4535014049
2.429	37.3655650246
2.4295	50.9041938991
2.43	58.2995093377
2.4305	51.5289749317
2.431	34.3225812358
2.4315	41.9635504708
2.432	57.5937602592
2.4325	50.0691888753
2.433	47.5517404767
2.4335	51.1092332329
2.434	53.2979287535
2.4345	41.8125974152
2.435	45.1087560916
2.4355	48.5277409046
2.436	42.986065212
2.4365	46.2242133101
2.437	57.6296858238
2.4375	39.4598100146
2.438	62.5720835362
2.4385	62.1506904381
2.439	33.3662993756
2.4395	45.9042245776
2.44	49.733227052
2.4405	40.864698339
2.441	40.9836662135
2.4415	44.9742855758
2.442	52.7489818197
2.4425	42.7074651254
2.443	61.3748857615
2.4435	49.0449357054
2.444	45.8689473713
2.4445	58.2486194499
2.445	51.6303593172
2.4455	49.5405365682
2.446	43.9038063316
2.4465	61.0320456124
2.447	52.9824990924
2.4475	44.8289260454
2.448	33.8074291154
2.4485	49.3779462338
2.449	37.2142217062
2.4495	32.6068715158
2.45	44.0720032956
2.4505	48.5282314656
2.451	56.5080226784
2.4515	48.4799523804
2.452	52.6411058949
2.4525	36.3589391648
2.453	45.9592262139
2.4535	47.1070813465
2.454	52.9856845523
2.4545	46.9909348208
2.455	52.4702186324
2.4555	41.9795269451
2.456	48.8526839562
2.4565	49.2842830489
2.457	35.9438301983
2.4575	47.323400007
2.458	43.333610507
2.4585	30.6415856985
2.459	53.5196742968
2.4595	42.9360302879
2.46	38.9905998665
